417712
430147
142465
407198
206295
222297
371874
100584
359470
180921
369639
481943
41923
231
49857
268955
382143
41212
363474
437596
221153
377394
148347
54517
499183
150857
349157
321480
248015
249715
419046
230606
220993
148354
493680
66530
392903
410088
72968
272799
487536
233598
441249
82942
400010
263990
457346
150102
214910
486902
69432
206674
327896
429622
253997
443112
362197
334694
302063
256484
459866
456971
446374
91848
382054
255844
106163
424043
459178
373543
190278
162534
104995
147182
175271
37616
390947
16827
177684
423792
320441
392826
203016
216847
124608
354066
236474
152640
378752
155125
364487
294729
301087
393982
32493
2859
364501
22214
363280
41491
166242
282119
279965
224755
279399
123232
329092
198994
436487
417532
268617
203345
337500
6529
398624
65639
441108
461830
355830
395468
160415
367664
320278
260539
34811
8223
485958
291829
186380
354376
484012
334074
265956
332083
304928
29612
425660
352005
120452
366952
22018
197354
84901
224152
161752
460395
286204
441632
82195
7841
137424
144643
428855
123779
2155
332212
390445
288423
57362
53549
32120
353401
301750
333600
247182
444345
180554
471991
383810
30504
172556
386416
102668
296942
347000
53358
2914
277102
495723
456626
140359
260158
26457
302010
351306
96102
81495
192412
117400
81251
490005
63077
180928
408833
53344
5587
259888
246510
9023
217288
148645
494441
41718
458714
101041
402937
422237
212175
169561
147742
255224
374518
128544
345252
358456
452554
169910
361594
384531
110525
176779
490121
76194
350837
258089
280372
281160
182103
160798
389718
256457
200261
280087
114706
498113
48386
57452
212521
172665
236085
155438
439149
301310
112836
56847
499148
496978
263672
5294
261064
174670
286463
370319
406505
201639
31195
491841
325749
475443
106561
143756
374759
447286
78584
32764
178819
11683
8764
257864
215855
287867
283
323861
236775
207606
189749
443451
197127
441885
10759
175115
241577
98280
459239
272120
85883
3420
377004
347617
404571
33864
240919
181528
78885
169956
182443
427783
309044
365940
457939
494234
269751
420099
137874
345658
314590
62260
325190
168996
464710
333053
248576
422983
474388
6262
467040
26550
181325
368692
60316
301965
376118
315552
454480
296223
215745
403657
48612
345780
288768
374709
122549
380527
202941
309734
319837
281907
449872
72970
87717
268061
397474
24808
342783
208738
236606
215563
362094
199590
205903
74221
224328
309453
274475
313395
221983
154209
72933
96052
486926
385418
435371
62030
176850
195954
38424
365132
200274
259761
232305
314374
240884
384149
278828
449093
217134
404773
50488
489047
381272
46612
38319
279632
240083
187592
330692
260377
258533
247821
440986
464118
373915
2196
398379
431075
438810
360683
359476
246160
222914
33163
108738
282522
428620
85621
382089
258698
171184
186498
394584
390188
133707
293267
126689
432299
328112
37381
81074
420295
125511
280441
378513
257610
264345
289952
415921
257896
106096
79356
225682
312952
139842
436510
81510
390501
422604
101379
312029
134706
289116
67409
239313
296936
487196
380870
17411
40127
262318
58799
183760
380743
110528
272782
41626
14591
121320
247510
331149
498514
218514
144944
201219
466493
311741
132043
69369
169075
31693
266955
309961
272076
382664
49423
10292
258586
144409
311392
261473
210512
46606
209581
481443
301165
252222
152199
277030
352167
444649
403895
148006
335411
266725
27222
42173
381708
308230
410524
493352
224556
338535
150447
394177
11756
276882
153035
299389
221236
111278
127536
497550
25552
339680
43275
215877
218948
69909
190791
57837
108759
197507
420722
482448
55052
497319
322047
7366
12729
302042
140924
272588
473103
234212
454663
6560
103195
272343
492378
228753
47235
477769
416371
164332
320610
262975
97747
65220
238117
452481
306291
210115
147229
53274
429041
337565
87192
163681
106397
196394
289944
419614
402035
32600
324233
337565
264767
440884
94037
459991
277283
363853
360725
369503
137681
76871
409021
207621
444387
399073
109335
109455
34651
325541
363794
38313
193823
341512
121284
21903
317059
7549
496546
30396
370513
404895
486235
78499
185651
100425
366213
22163
269042
467422
341377
113804
349289
63310
388382
14701
100734
204730
393360
238127
400414
256162
270727
50666
169623
18123
214908
7390
446708
125376
245195
366635
122077
27302
295223
7860
290976
53523
478624
117643
347813
430972
433101
249327
182808
395
309554
116652
137388
409468
52136
359928
187918
168626
147357
489332
38187
354252
267618
307933
358781
130994
439025
190360
468861
340159
394497
181624
342304
436934
415709
225451
285969
389381
312405
190851
188713
259412
224318
253870
155901
441896
375889
65010
51334
331388
378642
332015
25649
371539
117746
478568
128653
193720
101079
134223
362448
353767
398133
14370
264612
8103
59679
143464
143595
271135
298913
466444
264485
492776
194380
94332
228269
238502
109164
60539
55430
23677
118625
284326
497149
385467
434020
474189
246393
456179
488515
389380
75621
6403
181490
332461
223348
488912
254032
262268
74259
89327
281009
499427
35277
137067
274756
298068
64774
157230
50481
110000
314322
23409
33767
434925
498970
50687
101251
29841
377416
225406
351546
306933
174652
142969
449187
315264
100148
42165
63005
140577
101773
15475
88900
343938
89258
418490
349270
463117
474871
160413
220121
58472
79214
81678
65357
302670
392053
22175
303790
287289
277960
74062
323976
470499
78409
423427
293753
390179
51304
333331
302094
316562
348152
110557
195112
96406
376983
105048
21974
111457
115871
58958
443124
380187
303427
398612
18478
139078
137807
205401
262850
294863
331921
224592
157747
179432
260913
137735
286976
132102
343370
205485
198618
92626
362810
146784
329662
238767
91656
142719
4510
292584
111699
247234
441914
193647
285438
98631
282631
499849
323059
192111
237039
427342
115600
320423
233878
83835
421645
109124
444443
389266
200624
76836
421143
54265
268167
70227
96871
310544
496188
492983
40685
268163
108973
368658
21496
143576
199270
347890
444323
102699
48301
27906
192419
218948
253924
363542
353818
166914
204551
314420
42985
404835
296001
470680
462845
281270
2286
284672
32826
153805
213990
97507
152460
38811
106120
235135
421581
160961
280106
153814
449430
140638
323749
129971
464639
442894
399517
71336
32477
176511
357147
29217
357345
199845
370612
209009
144407
168882
233277
343750
139520
356187
184465
232175
787
304952
354039
262535
291210
204314
17961
372792
36144
327425
460756
228369
237289
483462
40415
155994
339944
196689
23533
418062
336564
270146
467866
428689
20908
67728
105684
99566
286899
51172
48676
136435
24447
366038
387074
486615
461424
157049
377347
324274
35451
14112
426322
295988
368128
254908
168848
119103
281022
358055
88694
101823
392178
333745
447627
379608
147461
185538
722
208242
341860
229299
206931
357166
381520
71016
226914
333143
349149
412596
222069
226866
456339
212923
